Webots Project File version R2021b
perspectives: 000000ff00000000fd000000030000000000000320000003c8fc0100000001fb0000001e00480074006d006c0052006f0062006f007400570069006e0064006f007700000000000000032000000000000000000000000100000472000003dbfc0200000001fb0000001400540065007800740045006400690074006f00720100000016000003db0000008900ffffff0000000300000780000001b8fc0100000001fb0000001a0043006f006e0073006f006c00650041006c006c0041006c006c01000000000000078000000000000000000000030c000003db00000001000000020000000100000008fc00000000
simulationViewPerspectives: 000000ff000000010000000200000120000003710100000002010000000100
sceneTreePerspectives: 000000ff0000000100000002000001ce000000fa0100000002010000000200
maximizedDockId: -1
centralWidgetVisible: 1
orthographicViewHeight: 1
textFiles: 2 "controllers/Controller/Controller.py" "controllers/supervisor_temp/supervisor_temp.cpp" "controllers/supervisor_v2/supervisor_v2.cpp" "controllers/my_controller/my_controller.cpp" "controllers/get_location/get_location.cpp"
globalOptionalRendering: DistanceSensorRays
renderingDevicePerspectives: robot(1):camera;1;0.533333;0;0
renderingDevicePerspectives: robot:camera;0;0.533333;0;0
