Webots Project File version R2021b
perspectives: 000000ff00000000fd000000030000000000000167000002c3fc0100000001fb0000001e00480074006d006c0052006f0062006f007400570069006e0064006f00770000000000000001670000006900ffffff000000010000022e000001e8fc0200000001fb0000001400540065007800740045006400690074006f00720100000016000001e80000008900ffffff0000000300000500000000d9fc0100000001fb0000001a0043006f006e0073006f006c00650041006c006c0041006c006c0100000000000005000000006900ffffff000002d0000001e800000001000000020000000100000008fc00000000
simulationViewPerspectives: 000000ff000000010000000200000100000005620100000002010000000100
sceneTreePerspectives: 000000ff0000000100000002000000c0000000fa0100000002010000000200
minimizedPerspectives: 000000ff00000000fd000000030000000000000167000002c3fc0100000001fb0000001e00480074006d006c0052006f0062006f007400570069006e0064006f00770000000000000001670000006900ffffff0000000100000231000001e8fc0200000001fb0000001400540065007800740045006400690074006f00720100000016000001e80000008900ffffff0000000300000500000000d9fc0100000001fb0000001a0043006f006e0073006f006c00650041006c006c0041006c006c0100000000000005000000006900ffffff000002cd000001e800000001000000020000000100000008fc00000000
maximizedDockId: -1
centralWidgetVisible: 1
orthographicViewHeight: 1
textFiles: 0 "controllers/supervisor_v2/supervisor_v2.cpp" "controllers/supervisor_temp/supervisor_temp.cpp"
consoles: Console:All:All
renderingDevicePerspectives: robot(1):camera;1;0.533333;0;0
renderingDevicePerspectives: robot:camera;1;0.533333;0;0
